{
 "cells": [
  {
   "cell_type": "markdown",
   "id": "514761a7-5844-463f-857f-82a982f9f7e9",
   "metadata": {},
   "source": [
    "# import the libraies"
   ]
  },
  {
   "cell_type": "code",
   "execution_count": 2,
   "id": "ade4cfbc-04c9-4238-befb-345353cf2de6",
   "metadata": {},
   "outputs": [],
   "source": [
    "import ee\n",
    "import pandas as pd\n",
    "import numpy as np\n",
    "import seaborn as sns\n",
    "import matplotlib.pyplot as plt"
   ]
  },
  {
   "cell_type": "markdown",
   "id": "be081001-7db3-418c-879b-3ccfbfd7d244",
   "metadata": {},
   "source": [
    "# Authentication and Initialization\n",
    "  -Before you can make requests to Earth Engine through a client library, you must authenticate"
   ]
  },
  {
   "cell_type": "code",
   "execution_count": 4,
   "id": "e3423d2c-54c7-4feb-bf4c-7b0da2402844",
   "metadata": {},
   "outputs": [
    {
     "data": {
      "text/plain": [
       "True"
      ]
     },
     "execution_count": 4,
     "metadata": {},
     "output_type": "execute_result"
    }
   ],
   "source": [
    "ee.Authenticate()"
   ]
  },
  {
   "cell_type": "code",
   "execution_count": 5,
   "id": "9a1bd725-56b5-4b8a-ba72-96ae14190bd4",
   "metadata": {},
   "outputs": [],
   "source": [
    "ee.Initialize()"
   ]
  },
  {
   "cell_type": "markdown",
   "id": "644b8f86-939f-484e-a419-c8e8ade2e85d",
   "metadata": {},
   "source": [
    "# Getting statistics of the points"
   ]
  },
  {
   "cell_type": "code",
   "execution_count": 7,
   "id": "f32ddb9d-eb7c-48b7-b2bd-4866a38d14f7",
   "metadata": {},
   "outputs": [],
   "source": [
    "#dowenload the image collection and filter it with date and get the median image \n",
    "dataset = ee.ImageCollection('COPERNICUS/S2_SR_HARMONIZED').filterDate('2022-09-01', '2022-09-30').median() "
   ]
  },
  {
   "cell_type": "code",
   "execution_count": 8,
   "id": "c1e1277c-7076-4590-b045-330e08fdba4c",
   "metadata": {},
   "outputs": [],
   "source": [
    " # Define the points (coordinates) want to make analysis on it\n",
    "points = [\n",
    "    [30.488472, 31.173472],\n",
    "    [30.524722, 31.151861],\n",
    "    [30.566028, 31.130972],\n",
    "    [30.647556, 31.077806],\n",
    "    [30.734028, 31.028500],\n",
    "    [30.807556, 31.013361],\n",
    "    [30.790639, 30.965194],\n",
    "    [30.801278, 30.913278],\n",
    "    [30.815306, 30.904389],\n",
    "    [30.848333, 30.901222],\n",
    "    [30.876917, 30.873500],\n",
    "    [30.899056, 30.856250],\n",
    "    [30.930333, 30.835639],\n",
    "    [30.961583, 30.783083],\n",
    "    [31.003111, 30.759333],\n",
    "    [31.043556, 30.735694],\n",
    "    [31.085667, 30.727861],\n",
    "    [31.101222, 30.683639],\n",
    "    [31.143611, 30.645361],\n",
    "    [31.182500, 30.600361],\n",
    "    [31.207500,30.569444],\n",
    "    [31.224444,30.531583],\n",
    "    [31.264361,30.518389],\n",
    "    [31.311250,30.515528],\n",
    "    [31.344417,30.482861],\n",
    "    [30.851444,31.030083],\n",
    "    [30.894389,31.024361],\n",
    "    [30.893667,31.024667],\n",
    "    [30.931611,30.990083],\n",
    "    [30.980056,30.970417],\n",
    "    [31.031639,30.961556],\n",
    "    [31.085750,30.965417],\n",
    "    [31.142111,30.968861],\n",
    "    [31.214722,30.984111],\n",
    "    [31.268806,30.990528],\n",
    "    [31.261778,31.049611],\n",
    "    [31.278194,31.093417],\n",
    "    [31.328944,31.132139],\n",
    "    [31.399000,31.125000],\n",
    "    [31.471750,31.126861],\n",
    "    [31.526444,31.140306],\n",
    "    [31.565361,31.081889],\n",
    "    [31.586472,31.052500],\n",
    "    [31.412167,30.451000],\n",
    "    [31.340417,30.366278],\n",
    "    [31.205000,30.091444],\n",
    "    [31.167278,30.069167],\n",
    "    [31.128167,30.102194],\n",
    "    [31.120861,30.164528],\n",
    "    [31.108250,30.211944],\n",
    "    [31.086417,30.294417],\n",
    "    [31.069194,30.359806],\n",
    "    [31.013250,30.473583],\n",
    "]"
   ]
  },
  {
   "cell_type": "code",
   "execution_count": 9,
   "id": "1511b613-3558-43e6-ba52-ac95b084b875",
   "metadata": {},
   "outputs": [],
   "source": [
    "# Create a feature collection from the points\n",
    "features = ee.FeatureCollection([ee.Feature(ee.Geometry.Point(coord)) for coord in points])\n",
    "\n",
    "# Function to get statistics for each point\n",
    "def get_statistics(feature):\n",
    "    point = feature.geometry()\n",
    "    # Calculate the median for each band in the median image\n",
    "    stats = dataset.reduceRegion(\n",
    "        reducer=ee.Reducer.median(),\n",
    "        geometry=point,\n",
    "        scale=30  # resolution in meters\n",
    "    )\n",
    "    return feature.set(stats)"
   ]
  },
  {
   "cell_type": "code",
   "execution_count": 10,
   "id": "8f6721b5-5aa0-470c-8a37-b094e49b2fa5",
   "metadata": {},
   "outputs": [],
   "source": [
    "# Apply the function to each feature in the features collection\n",
    "stats_features = features.map(get_statistics)"
   ]
  },
  {
   "cell_type": "markdown",
   "id": "e3fcbcf2-a38c-4f8f-b3e5-d17b9d62e56d",
   "metadata": {},
   "source": [
    "# Prepare to create the statistics data table to store the result"
   ]
  },
  {
   "cell_type": "code",
   "execution_count": 12,
   "id": "03307b30-2fbe-470e-8ef6-e303828647f9",
   "metadata": {},
   "outputs": [],
   "source": [
    "# Prepare to create the statistics data table\n",
    "data_table = {\n",
    "    'longitude': [],\n",
    "    'latitude': [],\n",
    "    'B1': [],\n",
    "    'B2': [],\n",
    "    'B3': [],\n",
    "    'B4': [],\n",
    "    'B5': [],\n",
    "    'B6': [],\n",
    "    'B7': [],\n",
    "    'B8': [],\n",
    "    'B8A': [],\n",
    "    'B9': [],\n",
    "    'B11':[],\n",
    "    'B12':[]\n",
    "}"
   ]
  },
  {
   "cell_type": "raw",
   "id": "8618bc4b-4740-41e7-92d1-e34313ea97ec",
   "metadata": {},
   "source": [
    "# Note:\n",
    "  -evaluate the feature collection it mean to get the features data from server-side to client-side to \n",
    "   allowing you to work with it in Python"
   ]
  },
  {
   "cell_type": "code",
   "execution_count": 13,
   "id": "e13e0a1a-9e84-4e5c-ae93-5ae1cd315060",
   "metadata": {},
   "outputs": [],
   "source": [
    "# Evaluate the feature collection\n",
    "stats_features.getInfo().get('features', [])\n",
    "for f in stats_features.getInfo().get('features', []):\n",
    "    coords = f['geometry']['coordinates']\n",
    "    properties = f['properties']\n",
    "    \n",
    "    data_table['longitude'].append(coords[0])\n",
    "    data_table['latitude'].append(coords[1])\n",
    "    data_table['B1'].append(properties.get('B1'))\n",
    "    data_table['B2'].append(properties.get('B2'))\n",
    "    data_table['B3'].append(properties.get('B3'))\n",
    "    data_table['B4'].append(properties.get('B4'))\n",
    "    data_table['B5'].append(properties.get('B5'))\n",
    "    data_table['B6'].append(properties.get('B6'))\n",
    "    data_table['B7'].append(properties.get('B7'))\n",
    "    data_table['B8'].append(properties.get('B8'))\n",
    "    data_table['B8A'].append(properties.get('B8A'))\n",
    "    data_table['B9'].append(properties.get('B9'))\n",
    "    data_table['B11'].append(properties.get('B11'))\n",
    "    data_table['B12'].append(properties.get('B12'))"
   ]
  },
  {
   "cell_type": "code",
   "execution_count": 14,
   "id": "77d19860-d4b0-468c-8e38-20046adb6e51",
   "metadata": {},
   "outputs": [
    {
     "name": "stdout",
     "output_type": "stream",
     "text": [
      "Results saved to senstil2_statistics_results.csv\n"
     ]
    }
   ],
   "source": [
    "# Create a DataFrame to display statistics\n",
    "df = pd.DataFrame(data_table)\n",
    "# save result to csv file\n",
    "csv_filename = 'senstil2_statistics_results.csv'\n",
    "df.to_csv(csv_filename, index=False)\n",
    "print(f'Results saved to {csv_filename}')"
   ]
  },
  {
   "cell_type": "markdown",
   "id": "7a0de0e9-362d-4673-8ae2-5b3d0f10e7a2",
   "metadata": {},
   "source": [
    "# calculate the correlation"
   ]
  },
  {
   "cell_type": "code",
   "execution_count": 16,
   "id": "7a1ff86e-06ac-43dc-b304-a8bc313a0da3",
   "metadata": {},
   "outputs": [
    {
     "data": {
      "text/html": [
       "<div>\n",
       "<style scoped>\n",
       "    .dataframe tbody tr th:only-of-type {\n",
       "        vertical-align: middle;\n",
       "    }\n",
       "\n",
       "    .dataframe tbody tr th {\n",
       "        vertical-align: top;\n",
       "    }\n",
       "\n",
       "    .dataframe thead th {\n",
       "        text-align: right;\n",
       "    }\n",
       "</style>\n",
       "<table border=\"1\" class=\"dataframe\">\n",
       "  <thead>\n",
       "    <tr style=\"text-align: right;\">\n",
       "      <th></th>\n",
       "      <th>longitude</th>\n",
       "      <th>latitude</th>\n",
       "      <th>B1</th>\n",
       "      <th>B2</th>\n",
       "      <th>B3</th>\n",
       "      <th>B4</th>\n",
       "      <th>B5</th>\n",
       "      <th>B6</th>\n",
       "      <th>B7</th>\n",
       "      <th>B8</th>\n",
       "      <th>B8A</th>\n",
       "      <th>B9</th>\n",
       "      <th>B11</th>\n",
       "      <th>B12</th>\n",
       "    </tr>\n",
       "  </thead>\n",
       "  <tbody>\n",
       "    <tr>\n",
       "      <th>0</th>\n",
       "      <td>30.488472</td>\n",
       "      <td>31.173472</td>\n",
       "      <td>427.0</td>\n",
       "      <td>398.0</td>\n",
       "      <td>590.5</td>\n",
       "      <td>625.0</td>\n",
       "      <td>923.5</td>\n",
       "      <td>1276.0</td>\n",
       "      <td>1458.0</td>\n",
       "      <td>1488.0</td>\n",
       "      <td>1560.5</td>\n",
       "      <td>2669.5</td>\n",
       "      <td>1535.0</td>\n",
       "      <td>1056.0</td>\n",
       "    </tr>\n",
       "    <tr>\n",
       "      <th>1</th>\n",
       "      <td>30.524722</td>\n",
       "      <td>31.151861</td>\n",
       "      <td>446.0</td>\n",
       "      <td>232.0</td>\n",
       "      <td>481.5</td>\n",
       "      <td>332.0</td>\n",
       "      <td>754.5</td>\n",
       "      <td>2374.0</td>\n",
       "      <td>3269.0</td>\n",
       "      <td>3324.0</td>\n",
       "      <td>3379.5</td>\n",
       "      <td>3492.0</td>\n",
       "      <td>1453.0</td>\n",
       "      <td>812.0</td>\n",
       "    </tr>\n",
       "    <tr>\n",
       "      <th>2</th>\n",
       "      <td>30.566028</td>\n",
       "      <td>31.130972</td>\n",
       "      <td>500.0</td>\n",
       "      <td>799.5</td>\n",
       "      <td>1028.5</td>\n",
       "      <td>1263.0</td>\n",
       "      <td>1621.5</td>\n",
       "      <td>2150.5</td>\n",
       "      <td>2456.5</td>\n",
       "      <td>2450.5</td>\n",
       "      <td>2594.0</td>\n",
       "      <td>2701.0</td>\n",
       "      <td>2158.5</td>\n",
       "      <td>1608.0</td>\n",
       "    </tr>\n",
       "    <tr>\n",
       "      <th>3</th>\n",
       "      <td>30.647556</td>\n",
       "      <td>31.077806</td>\n",
       "      <td>691.5</td>\n",
       "      <td>743.5</td>\n",
       "      <td>930.5</td>\n",
       "      <td>1208.5</td>\n",
       "      <td>1574.0</td>\n",
       "      <td>1965.0</td>\n",
       "      <td>2210.0</td>\n",
       "      <td>2223.5</td>\n",
       "      <td>2449.0</td>\n",
       "      <td>2773.0</td>\n",
       "      <td>2586.0</td>\n",
       "      <td>1961.5</td>\n",
       "    </tr>\n",
       "    <tr>\n",
       "      <th>4</th>\n",
       "      <td>30.734028</td>\n",
       "      <td>31.028500</td>\n",
       "      <td>371.0</td>\n",
       "      <td>392.0</td>\n",
       "      <td>742.0</td>\n",
       "      <td>425.0</td>\n",
       "      <td>1310.0</td>\n",
       "      <td>3166.0</td>\n",
       "      <td>3862.0</td>\n",
       "      <td>3964.0</td>\n",
       "      <td>4079.0</td>\n",
       "      <td>3784.0</td>\n",
       "      <td>1539.0</td>\n",
       "      <td>785.0</td>\n",
       "    </tr>\n",
       "  </tbody>\n",
       "</table>\n",
       "</div>"
      ],
      "text/plain": [
       "   longitude   latitude     B1     B2      B3      B4      B5      B6      B7  \\\n",
       "0  30.488472  31.173472  427.0  398.0   590.5   625.0   923.5  1276.0  1458.0   \n",
       "1  30.524722  31.151861  446.0  232.0   481.5   332.0   754.5  2374.0  3269.0   \n",
       "2  30.566028  31.130972  500.0  799.5  1028.5  1263.0  1621.5  2150.5  2456.5   \n",
       "3  30.647556  31.077806  691.5  743.5   930.5  1208.5  1574.0  1965.0  2210.0   \n",
       "4  30.734028  31.028500  371.0  392.0   742.0   425.0  1310.0  3166.0  3862.0   \n",
       "\n",
       "       B8     B8A      B9     B11     B12  \n",
       "0  1488.0  1560.5  2669.5  1535.0  1056.0  \n",
       "1  3324.0  3379.5  3492.0  1453.0   812.0  \n",
       "2  2450.5  2594.0  2701.0  2158.5  1608.0  \n",
       "3  2223.5  2449.0  2773.0  2586.0  1961.5  \n",
       "4  3964.0  4079.0  3784.0  1539.0   785.0  "
      ]
     },
     "execution_count": 16,
     "metadata": {},
     "output_type": "execute_result"
    }
   ],
   "source": [
    "data=pd.read_csv('senstil2_statistics_results.csv')\n",
    "data.head()"
   ]
  },
  {
   "cell_type": "code",
   "execution_count": 17,
   "id": "c135e542-6dce-4f24-be2a-afdafce35297",
   "metadata": {},
   "outputs": [],
   "source": [
    "# add the HM concentration column to df\n",
    "data['HM']=[\n",
    "384.9,\n",
    "318.3,\n",
    "342.4,\n",
    "440.8,\n",
    "397.6,\n",
    "380.4,\n",
    "381.2,\n",
    "414.5,\n",
    "333.9,\n",
    "362.8,\n",
    "366.9,\n",
    "407.6,\n",
    "373.5,\n",
    "382.0,\n",
    "385.6,\n",
    "356.8,\n",
    "293.4,\n",
    "332.1,\n",
    "363.2,\n",
    "429.9,\n",
    "378.6,\n",
    "419.2,\n",
    "399.6,\n",
    "189.0,\n",
    "427.1,\n",
    "429.2,\n",
    "392.4,\n",
    "387.6,\n",
    "437.0,\n",
    "444.5,\n",
    "410.6,\n",
    "453.4,\n",
    "409.2,\n",
    "448.0,\n",
    "376.7,\n",
    "395.0,\n",
    "397.7,\n",
    "347.8,\n",
    "328.7,\n",
    "292.1,\n",
    "222.7,\n",
    "152.0,\n",
    "141.5,\n",
    "287.4,\n",
    "340.4,\n",
    "318.1,\n",
    "309.6,\n",
    "325.8,\n",
    "246.8,\n",
    "231.3,\n",
    "326.1,\n",
    "276.7,\n",
    "340.9]"
   ]
  },
  {
   "cell_type": "code",
   "execution_count": 18,
   "id": "6b0ad4e0-4029-46ee-a8e4-e684011d7153",
   "metadata": {},
   "outputs": [
    {
     "name": "stdout",
     "output_type": "stream",
     "text": [
      "longitude   -0.457153\n",
      "latitude     0.234361\n",
      "B1          -0.117911\n",
      "B2          -0.018905\n",
      "B3          -0.002197\n",
      "B4          -0.003151\n",
      "B5           0.036552\n",
      "B6          -0.008208\n",
      "B7           0.005835\n",
      "B8          -0.024396\n",
      "B8A          0.007143\n",
      "B9           0.042805\n",
      "B11         -0.096553\n",
      "B12         -0.053124\n",
      "HM           1.000000\n",
      "Name: HM, dtype: float64\n"
     ]
    }
   ],
   "source": [
    "#split the target(HM) and get correlation between it and features(bands)\n",
    "target='HM'\n",
    "#pearson correlation\n",
    "corr=data.corr()[target]\n",
    "print(corr)"
   ]
  },
  {
   "cell_type": "code",
   "execution_count": 19,
   "id": "5b5ebc0b-2ce9-4533-a9c3-fd8e9ebd9d7d",
   "metadata": {},
   "outputs": [
    {
     "name": "stdout",
     "output_type": "stream",
     "text": [
      "longitude   -0.338978\n",
      "latitude     0.209160\n",
      "B1          -0.271580\n",
      "B2          -0.086648\n",
      "B3           0.002016\n",
      "B4          -0.054871\n",
      "B5           0.054387\n",
      "B6           0.017900\n",
      "B7           0.052694\n",
      "B8           0.016933\n",
      "B8A          0.044428\n",
      "B9           0.122238\n",
      "B11         -0.120142\n",
      "B12         -0.120787\n",
      "HM           1.000000\n",
      "Name: HM, dtype: float64\n"
     ]
    }
   ],
   "source": [
    "# get spearman correlation\n",
    "corr=data.corr(method='spearman')[target]\n",
    "print(corr)"
   ]
  },
  {
   "cell_type": "code",
   "execution_count": 20,
   "id": "f96a2d6c-46aa-43df-ae36-a5bad7815809",
   "metadata": {},
   "outputs": [
    {
     "name": "stdout",
     "output_type": "stream",
     "text": [
      "longitude   -0.238026\n",
      "latitude     0.166909\n",
      "B1          -0.174292\n",
      "B2          -0.063954\n",
      "B3           0.002178\n",
      "B4          -0.045735\n",
      "B5           0.048639\n",
      "B6           0.020319\n",
      "B7           0.038476\n",
      "B8           0.007257\n",
      "B8A          0.027576\n",
      "B9           0.088534\n",
      "B11         -0.081277\n",
      "B12         -0.079826\n",
      "HM           1.000000\n",
      "Name: HM, dtype: float64\n"
     ]
    }
   ],
   "source": [
    "#kendall corr\n",
    "corr2=data.corr(method='kendall')[target]\n",
    "print(corr2)"
   ]
  },
  {
   "cell_type": "code",
   "execution_count": 21,
   "id": "a5ba87fd-0b0c-49d4-ae3c-f3f773ac5b1b",
   "metadata": {},
   "outputs": [
    {
     "name": "stdout",
     "output_type": "stream",
     "text": [
      "Correlation matrix:\n",
      " [[ 1.         -0.23913746  0.0480244   0.03023123  0.14566188  0.0782711\n",
      "   0.22283362  0.33218952  0.25588844  0.28216825  0.27159141  0.10410267\n",
      "   0.25409233  0.12985617 -0.4571532 ]\n",
      " [-0.23913746  1.         -0.30809442 -0.38621119 -0.37114262 -0.32343369\n",
      "  -0.20091013  0.11784954  0.22915306  0.24329356  0.26538384  0.39916321\n",
      "  -0.33185906 -0.38818301  0.2343615 ]\n",
      " [ 0.0480244  -0.30809442  1.          0.86027015  0.775954    0.79810769\n",
      "   0.65377593 -0.23967427 -0.38695731 -0.35628215 -0.40353938 -0.434243\n",
      "   0.7157526   0.82653785 -0.11791072]\n",
      " [ 0.03023123 -0.38621119  0.86027015  1.          0.94984566  0.95664519\n",
      "   0.83525583 -0.20182826 -0.37340281 -0.35454647 -0.38902182 -0.38484479\n",
      "   0.80905685  0.91639715 -0.0189046 ]\n",
      " [ 0.14566188 -0.37114262  0.775954    0.94984566  1.          0.93092016\n",
      "   0.93290743  0.03941686 -0.1444971  -0.12108426 -0.15866598 -0.18984497\n",
      "   0.81524202  0.87312707 -0.00219663]\n",
      " [ 0.0782711  -0.32343369  0.79810769  0.95664519  0.93092016  1.\n",
      "   0.87368449 -0.24959638 -0.40774088 -0.38390757 -0.41173087 -0.41379841\n",
      "   0.84684211  0.94675771 -0.00315099]\n",
      " [ 0.22283362 -0.20091013  0.65377593  0.83525583  0.93290743  0.87368449\n",
      "   1.          0.19935285  0.02619989  0.05525057  0.02725732 -0.03296569\n",
      "   0.82084034  0.81102823  0.03655226]\n",
      " [ 0.33218952  0.11784954 -0.23967427 -0.20182826  0.03941686 -0.24959638\n",
      "   0.19935285  1.          0.96079414  0.95630185  0.9553178   0.83345423\n",
      "   0.02710222 -0.21916629 -0.00820805]\n",
      " [ 0.25588844  0.22915306 -0.38695731 -0.37340281 -0.1444971  -0.40774088\n",
      "   0.02619989  0.96079414  1.          0.98918458  0.99520261  0.89232597\n",
      "  -0.12783111 -0.37129196  0.00583532]\n",
      " [ 0.28216825  0.24329356 -0.35628215 -0.35454647 -0.12108426 -0.38390757\n",
      "   0.05525057  0.95630185  0.98918458  1.          0.98825381  0.88016537\n",
      "  -0.11268894 -0.35359683 -0.02439614]\n",
      " [ 0.27159141  0.26538384 -0.40353938 -0.38902182 -0.15866598 -0.41173087\n",
      "   0.02725732  0.9553178   0.99520261  0.98825381  1.          0.89293579\n",
      "  -0.13002466 -0.3789891   0.0071426 ]\n",
      " [ 0.10410267  0.39916321 -0.434243   -0.38484479 -0.18984497 -0.41379841\n",
      "  -0.03296569  0.83345423  0.89232597  0.88016537  0.89293579  1.\n",
      "  -0.22216525 -0.42849286  0.04280456]\n",
      " [ 0.25409233 -0.33185906  0.7157526   0.80905685  0.81524202  0.84684211\n",
      "   0.82084034  0.02710222 -0.12783111 -0.11268894 -0.13002466 -0.22216525\n",
      "   1.          0.9381331  -0.09655252]\n",
      " [ 0.12985617 -0.38818301  0.82653785  0.91639715  0.87312707  0.94675771\n",
      "   0.81102823 -0.21916629 -0.37129196 -0.35359683 -0.3789891  -0.42849286\n",
      "   0.9381331   1.         -0.05312405]\n",
      " [-0.4571532   0.2343615  -0.11791072 -0.0189046  -0.00219663 -0.00315099\n",
      "   0.03655226 -0.00820805  0.00583532 -0.02439614  0.0071426   0.04280456\n",
      "  -0.09655252 -0.05312405  1.        ]]\n"
     ]
    }
   ],
   "source": [
    "# numpy correlation\n",
    "x=data.drop(columns='HM')\n",
    "y=data['HM']\n",
    "# Calculate the correlation only if they have the same number of rows\n",
    "if x.shape[0] == y.shape[0]:\n",
    "    correlation_matrix = np.corrcoef(x.T, y)  # Transpose x to have features as rows\n",
    "    print(\"Correlation matrix:\\n\", correlation_matrix)\n",
    "else:\n",
    "    print(\"Shape mismatch: Cannot calculate correlation.\")"
   ]
  },
  {
   "cell_type": "code",
   "execution_count": 22,
   "id": "db8ab497-08e8-44fb-ae88-164845dc234c",
   "metadata": {},
   "outputs": [
    {
     "data": {
